court_Outdoor = 0.0
draw_size = 0.0
hand_1_L = 0.0
hand_1_R = 0.0
hand_2_L = 0.0
level_ATP500 = 0.0
level_Grand Slam = 0.0
level_International = 0.0
level_Masters = 0.0
level_Masters 1000 = 0.0
level_Masters Cup = 0.0
ratio_prev_1 = 0.0
round_F = 0.0
round_QF = 0.0
round_R16 = 0.0
round_R64 = 0.0
round_SF = 0.0
surface_Clay = 0.0
surface_Grass = 0.0
surface_Hard = 0.0
round_R128 = 0.0011624788774898822
round_RR = 0.0011692292068808314
court_Indoor = 0.0012116576248988186
level_International Gold = 0.0013517227366898457
height_1 = 0.0013728828180398598
level_ATP250 = 0.0019710535571826984
ratio_prev_2 = 0.0020539743411740123
bp_faced_avg_2 = 0.0022793771128903897
ratio_avg_2 = 0.0022856910998779977
sv_gms_prev_1 = 0.0031396941828099392
sv_gms_prev_2 = 0.003501889262864781
hand_2_R = 0.004158409202736465
surface_Carpet = 0.004177859284260268
first_in_common_1 = 0.005103815295963631
round_R32 = 0.005388952709672364
first_in_avg_2 = 0.005598252221458396
sv_gms_avg_2 = 0.005672039793447136
svpt_prev_1 = 0.0060442548865203794
bp_faced_prev_1 = 0.0061105188602697865
odd_max_2 = 0.00611185777978943
svpt_avg_2 = 0.006395420298581622
svpt_common_2 = 0.0065414563423830865
odd_avg_1 = 0.006892540932851195
odd_avg_2 = 0.006956608999647809
first_in_prev_1 = 0.006980209057329193
bp_faced_common_1 = 0.007396789316706592
df_avg_2 = 0.007470880236105209
ace_prev_1 = 0.008113646821056347
bp_saved_prev_1 = 0.008189425600305915
sv_gms_common_1 = 0.008731860635847749
first_in_prev_2 = 0.009107310331039255
first_won_avg_1 = 0.009214642327117186
ratio_common_1 = 0.00933096324587827
sv_gms_common_2 = 0.009346246123683757
ace_common_1 = 0.009515731294638471
atp_ranking_1 = 0.01003277895163912
first_won_common_2 = 0.010059711176282236
ratio_common_2 = 0.010842697668740204
odd_max_1 = 0.011146149092307257
bp_faced_prev_2 = 0.011233612303290594
age_2 = 0.011321288864639433
ace_prev_2 = 0.011474089875432875
height_2 = 0.011491493361039726
first_won_prev_2 = 0.01167808093949746
atp_points_1 = 0.011780882051665284
svpt_common_1 = 0.01198812869995015
bp_saved_avg_1 = 0.012023087019965772
ace_avg_2 = 0.01228203929176402
first_in_common_2 = 0.012493232943543913
svpt_prev_2 = 0.013582684905963333
first_won_prev_1 = 0.014061531115387754
date = 0.014565194327467704
df_common_2 = 0.015249791062780299
bp_faced_avg_1 = 0.015357219645107117
df_prev_1 = 0.015783663397697007
sv_gms_avg_1 = 0.015946241823875752
bp_saved_prev_2 = 0.016140801224442117
ratio_avg_1 = 0.01656472005217747
bp_saved_common_2 = 0.0165719180005861
atp_points_2 = 0.016861495443572065
ace_common_2 = 0.01750669655110266
second_won_common_1 = 0.017660667370091903
first_won_avg_2 = 0.01957479388060935
first_won_common_1 = 0.020469280315738338
first_in_avg_1 = 0.020689286523791872
bp_saved_avg_2 = 0.021152644224893366
second_won_avg_2 = 0.021969490367477872
ace_avg_1 = 0.023009682718400076
second_won_prev_1 = 0.023207919539432624
atp_ranking_2 = 0.02358583620421598
second_won_avg_1 = 0.02393349693085736
df_common_1 = 0.024184023441248415
df_prev_2 = 0.024681879703436542
bp_saved_common_1 = 0.024725619161676905
second_won_prev_2 = 0.027605822559273352
bp_faced_common_2 = 0.028048678098858006
svpt_avg_1 = 0.0283501936353664
second_won_common_2 = 0.02841336693110662
age_1 = 0.02919662097388039
df_avg_1 = 0.031452125211638704
